0.024973
0.024190
0.022272
0.019821
0.017215
0.014661
0.012289
0.010179
0.008367
0.006851
0.005602
0.004579
0.003737
0.003038
0.002452
0.001959
0.001542
0.001192
0.000900
0.000660
0.000468
0.000318
0.000207
0.000129
0.000080
0.000081
0.000087
0.000098
0.000115
0.000134
0.000156
0.000177
0.000193
0.000203
0.000207
0.000207
0.000205
0.000202
0.000199
0.000196
0.000194
0.000192
0.000189
0.000186
0.000180
0.000173
0.000166
0.000160
0.000155
0.000151
0.000147
0.000142
0.000136
0.000128
0.000119
0.000111
0.000102
0.000092
0.000082
0.000073
0.000092
0.000115
0.000135
0.000150
0.000161
0.000169
0.000174
0.000176
0.000176
0.000177
0.000179
0.000186
0.000197
0.000211
0.000227
0.000244
0.000261
0.000274
0.000282
0.000286
0.000283
0.000274
0.000262
0.000250
0.000239
0.000230
0.000224
0.000219
0.000213
0.000206
0.000198
0.000189
0.000177
0.000166
0.000156
0.000148
0.000140
0.000133
0.000128
0.000124
0.000122
0.000120
0.000117
0.000112
0.000105
0.000097
0.000090
0.000083
0.000079
0.000077
0.000077
0.000086
0.000102
0.000117
0.000128
0.000133
0.000131
0.000123
0.000113
0.000103
0.000095
0.000089
0.000086
0.000083
0.000078
0.000072
0.000065
0.000058
0.000052
0.000059
0.000064
0.000068
0.000070
0.000071
0.000075
0.000085
0.000094
0.000100
0.000104
0.000105
0.000102
0.000094
0.000083
0.000069
0.000055
0.000039
0.000034
0.000059
0.000081
0.000097
0.000103
0.000097
0.000081
0.000059
0.000034
0.000039
0.000055
0.000069
0.000083
0.000094
0.000102
0.000105
0.000104
0.000100
0.000094
0.000085
0.000075
0.000071
0.000070
0.000068
0.000064
0.000059
0.000052
0.000058
0.000065
0.000072
0.000078
0.000083
0.000086
0.000089
0.000095
0.000103
0.000113
0.000123
0.000131
0.000133
0.000128
0.000117
0.000102
0.000086
0.000077
0.000077
0.000079
0.000083
0.000090
0.000097
0.000105
0.000112
0.000117
0.000120
0.000122
0.000124
0.000128
0.000133
0.000140
0.000148
0.000156
0.000166
0.000177
0.000189
0.000198
0.000206
0.000213
0.000219
0.000224
0.000230
0.000239
0.000250
0.000262
0.000274
0.000283
0.000286
0.000282
0.000274
0.000261
0.000244
0.000227
0.000211
0.000197
0.000186
0.000179
0.000177
0.000176
0.000176
0.000174
0.000169
0.000161
0.000150
0.000135
0.000115
0.000092
0.000073
0.000082
0.000092
0.000102
0.000111
0.000119
0.000128
0.000136
0.000142
0.000147
0.000151
0.000155
0.000160
0.000166
0.000173
0.000180
0.000186
0.000189
0.000192
0.000194
0.000196
0.000199
0.000202
0.000205
0.000207
0.000207
0.000203
0.000193
0.000177
0.000156
0.000134
0.000115
0.000098
0.000087
0.000081
0.000080
0.000129
0.000207
0.000318
0.000468
0.000660
0.000900
0.001192
0.001542
0.001959
0.002452
0.003038
0.003737
0.004579
0.005602
0.006851
0.008367
0.010179
0.012289
0.014661
0.017215
0.019821
0.022272
0.024190
