0.027045
0.026670
0.025726
0.024459
0.023048
0.021568
0.020074
0.018588
0.017138
0.015736
0.014404
0.013146
0.011974
0.010887
0.009889
0.008976
0.008148
0.007396
0.006715
0.006097
0.005536
0.005024
0.004557
0.004128
0.003735
0.003374
0.003042
0.002736
0.002454
0.002193
0.001953
0.001732
0.001529
0.001343
0.001174
0.001022
0.000884
0.000761
0.000652
0.000555
0.000468
0.000390
0.000319
0.000263
0.000257
0.000252
0.000248
0.000245
0.000243
0.000242
0.000241
0.000240
0.000238
0.000235
0.000228
0.000219
0.000207
0.000202
0.000226
0.000252
0.000278
0.000303
0.000328
0.000351
0.000373
0.000393
0.000413
0.000431
0.000448
0.000463
0.000476
0.000487
0.000496
0.000501
0.000504
0.000506
0.000507
0.000508
0.000508
0.000507
0.000503
0.000497
0.000489
0.000480
0.000471
0.000461
0.000450
0.000436
0.000421
0.000404
0.000387
0.000370
0.000356
0.000342
0.000330
0.000318
0.000305
0.000292
0.000278
0.000263
0.000247
0.000232
0.000218
0.000205
0.000194
0.000184
0.000175
0.000169
0.000165
0.000163
0.000163
0.000166
0.000169
0.000172
0.000174
0.000173
0.000168
0.000173
0.000187
0.000198
0.000208
0.000217
0.000225
0.000234
0.000243
0.000251
0.000258
0.000264
0.000268
0.000271
0.000271
0.000270
0.000265
0.000258
0.000246
0.000231
0.000212
0.000190
0.000179
0.000173
0.000166
0.000158
0.000149
0.000140
0.000131
0.000122
0.000113
0.000103
0.000095
0.000089
0.000087
0.000089
0.000095
0.000103
0.000113
0.000122
0.000131
0.000140
0.000149
0.000158
0.000166
0.000173
0.000179
0.000190
0.000212
0.000231
0.000246
0.000258
0.000265
0.000270
0.000271
0.000271
0.000268
0.000264
0.000258
0.000251
0.000243
0.000234
0.000225
0.000217
0.000208
0.000198
0.000187
0.000173
0.000168
0.000173
0.000174
0.000172
0.000169
0.000166
0.000163
0.000163
0.000165
0.000169
0.000175
0.000184
0.000194
0.000205
0.000218
0.000232
0.000247
0.000263
0.000278
0.000292
0.000305
0.000318
0.000330
0.000342
0.000356
0.000370
0.000387
0.000404
0.000421
0.000436
0.000450
0.000461
0.000471
0.000480
0.000489
0.000497
0.000503
0.000507
0.000508
0.000508
0.000507
0.000506
0.000504
0.000501
0.000496
0.000487
0.000476
0.000463
0.000448
0.000431
0.000413
0.000393
0.000373
0.000351
0.000328
0.000303
0.000278
0.000252
0.000226
0.000202
0.000207
0.000219
0.000228
0.000235
0.000238
0.000240
0.000241
0.000242
0.000243
0.000245
0.000248
0.000252
0.000257
0.000263
0.000319
0.000390
0.000468
0.000555
0.000652
0.000761
0.000884
0.001022
0.001174
0.001343
0.001529
0.001732
0.001953
0.002193
0.002454
0.002736
0.003042
0.003374
0.003735
0.004128
0.004557
0.005024
0.005536
0.006097
0.006715
0.007396
0.008148
0.008976
0.009889
0.010887
0.011974
0.013146
0.014404
0.015736
0.017138
0.018588
0.020074
0.021568
0.023048
0.024459
0.025726
0.026670
