0.027733
0.027454
0.026767
0.025829
0.024783
0.023672
0.022543
0.021398
0.020266
0.019136
0.018034
0.016950
0.015904
0.014888
0.013919
0.012992
0.012116
0.011284
0.010505
0.009770
0.009084
0.008440
0.007842
0.007282
0.006762
0.006276
0.005821
0.005394
0.004994
0.004617
0.004263
0.003928
0.003614
0.003319
0.003042
0.002783
0.002542
0.002316
0.002106
0.001909
0.001727
0.001557
0.001399
0.001250
0.001111
0.000980
0.000857
0.000739
0.000628
0.000522
0.000422
0.000326
0.000236
0.000152
0.000112
0.000100
0.000089
0.000117
0.000169
0.000217
0.000259
0.000297
0.000329
0.000356
0.000379
0.000398
0.000414
0.000428
0.000441
0.000453
0.000465
0.000475
0.000484
0.000492
0.000500
0.000507
0.000514
0.000520
0.000525
0.000529
0.000531
0.000532
0.000532
0.000531
0.000530
0.000528
0.000525
0.000522
0.000517
0.000510
0.000502
0.000493
0.000483
0.000473
0.000464
0.000454
0.000446
0.000438
0.000429
0.000417
0.000402
0.000387
0.000372
0.000358
0.000346
0.000337
0.000329
0.000322
0.000318
0.000314
0.000311
0.000310
0.000308
0.000307
0.000304
0.000300
0.000295
0.000287
0.000277
0.000264
0.000249
0.000253
0.000259
0.000264
0.000270
0.000273
0.000275
0.000274
0.000272
0.000268
0.000263
0.000256
0.000247
0.000236
0.000224
0.000208
0.000189
0.000168
0.000145
0.000122
0.000100
0.000079
0.000059
0.000043
0.000045
0.000057
0.000067
0.000075
0.000081
0.000085
0.000087
0.000085
0.000081
0.000075
0.000067
0.000057
0.000045
0.000043
0.000059
0.000079
0.000100
0.000122
0.000145
0.000168
0.000189
0.000208
0.000224
0.000236
0.000247
0.000256
0.000263
0.000268
0.000272
0.000274
0.000275
0.000273
0.000270
0.000264
0.000259
0.000253
0.000249
0.000264
0.000277
0.000287
0.000295
0.000300
0.000304
0.000307
0.000308
0.000310
0.000311
0.000314
0.000318
0.000322
0.000329
0.000337
0.000346
0.000358
0.000372
0.000387
0.000402
0.000417
0.000429
0.000438
0.000446
0.000454
0.000464
0.000473
0.000483
0.000493
0.000502
0.000510
0.000517
0.000522
0.000525
0.000528
0.000530
0.000531
0.000532
0.000532
0.000531
0.000529
0.000525
0.000520
0.000514
0.000507
0.000500
0.000492
0.000484
0.000475
0.000465
0.000453
0.000441
0.000428
0.000414
0.000398
0.000379
0.000356
0.000329
0.000297
0.000259
0.000217
0.000169
0.000117
0.000089
0.000100
0.000112
0.000152
0.000236
0.000326
0.000422
0.000522
0.000628
0.000739
0.000857
0.000980
0.001111
0.001250
0.001399
0.001557
0.001727
0.001909
0.002106
0.002316
0.002542
0.002783
0.003042
0.003319
0.003614
0.003928
0.004263
0.004617
0.004994
0.005394
0.005821
0.006276
0.006762
0.007282
0.007842
0.008440
0.009084
0.009770
0.010505
0.011284
0.012116
0.012992
0.013919
0.014888
0.015904
0.016950
0.018034
0.019136
0.020266
0.021398
0.022543
0.023672
0.024783
0.025829
0.026767
0.027454
