0.027544
0.027240
0.026483
0.025455
0.024308
0.023094
0.021862
0.020619
0.019391
0.018177
0.016999
0.015851
0.014752
0.013698
0.012702
0.011761
0.010880
0.010056
0.009291
0.008579
0.007920
0.007308
0.006744
0.006220
0.005737
0.005288
0.004870
0.004480
0.004115
0.003774
0.003454
0.003154
0.002874
0.002612
0.002368
0.002141
0.001929
0.001733
0.001552
0.001385
0.001232
0.001090
0.000959
0.000838
0.000726
0.000622
0.000526
0.000437
0.000352
0.000272
0.000198
0.000190
0.000181
0.000169
0.000155
0.000141
0.000156
0.000201
0.000242
0.000280
0.000314
0.000344
0.000371
0.000393
0.000412
0.000427
0.000441
0.000454
0.000465
0.000476
0.000485
0.000494
0.000502
0.000510
0.000515
0.000519
0.000522
0.000524
0.000524
0.000524
0.000522
0.000519
0.000516
0.000512
0.000508
0.000504
0.000499
0.000492
0.000484
0.000474
0.000463
0.000450
0.000437
0.000424
0.000413
0.000408
0.000402
0.000391
0.000376
0.000362
0.000347
0.000332
0.000317
0.000303
0.000291
0.000281
0.000273
0.000267
0.000263
0.000261
0.000261
0.000262
0.000264
0.000266
0.000266
0.000265
0.000261
0.000254
0.000243
0.000234
0.000244
0.000253
0.000262
0.000271
0.000279
0.000285
0.000290
0.000292
0.000292
0.000291
0.000287
0.000281
0.000273
0.000262
0.000249
0.000232
0.000213
0.000191
0.000167
0.000143
0.000119
0.000096
0.000086
0.000076
0.000065
0.000056
0.000048
0.000041
0.000035
0.000032
0.000031
0.000032
0.000035
0.000041
0.000048
0.000056
0.000065
0.000076
0.000086
0.000096
0.000119
0.000143
0.000167
0.000191
0.000213
0.000232
0.000249
0.000262
0.000273
0.000281
0.000287
0.000291
0.000292
0.000292
0.000290
0.000285
0.000279
0.000271
0.000262
0.000253
0.000244
0.000234
0.000243
0.000254
0.000261
0.000265
0.000266
0.000266
0.000264
0.000262
0.000261
0.000261
0.000263
0.000267
0.000273
0.000281
0.000291
0.000303
0.000317
0.000332
0.000347
0.000362
0.000376
0.000391
0.000402
0.000408
0.000413
0.000424
0.000437
0.000450
0.000463
0.000474
0.000484
0.000492
0.000499
0.000504
0.000508
0.000512
0.000516
0.000519
0.000522
0.000524
0.000524
0.000524
0.000522
0.000519
0.000515
0.000510
0.000502
0.000494
0.000485
0.000476
0.000465
0.000454
0.000441
0.000427
0.000412
0.000393
0.000371
0.000344
0.000314
0.000280
0.000242
0.000201
0.000156
0.000141
0.000155
0.000169
0.000181
0.000190
0.000198
0.000272
0.000352
0.000437
0.000526
0.000622
0.000726
0.000838
0.000959
0.001090
0.001232
0.001385
0.001552
0.001733
0.001929
0.002141
0.002368
0.002612
0.002874
0.003154
0.003454
0.003774
0.004115
0.004480
0.004870
0.005288
0.005737
0.006220
0.006744
0.007308
0.007920
0.008579
0.009291
0.010056
0.010880
0.011761
0.012702
0.013698
0.014752
0.015851
0.016999
0.018177
0.019391
0.020619
0.021862
0.023094
0.024308
0.025455
0.026483
0.027240
