0.025146
0.024018
0.021356
0.018094
0.014803
0.011784
0.009192
0.007071
0.005386
0.004063
0.003022
0.002196
0.001541
0.001027
0.000634
0.000342
0.000132
0.000022
0.000099
0.000147
0.000162
0.000155
0.000135
0.000108
0.000080
0.000053
0.000026
0.000018
0.000033
0.000056
0.000086
0.000118
0.000147
0.000169
0.000179
0.000181
0.000179
0.000180
0.000184
0.000191
0.000196
0.000197
0.000192
0.000183
0.000171
0.000157
0.000144
0.000132
0.000124
0.000117
0.000111
0.000104
0.000097
0.000093
0.000091
0.000091
0.000091
0.000090
0.000085
0.000077
0.000068
0.000062
0.000080
0.000095
0.000106
0.000112
0.000114
0.000111
0.000107
0.000104
0.000106
0.000114
0.000126
0.000140
0.000155
0.000169
0.000184
0.000198
0.000209
0.000214
0.000212
0.000204
0.000192
0.000178
0.000163
0.000149
0.000136
0.000124
0.000116
0.000113
0.000112
0.000111
0.000109
0.000106
0.000100
0.000096
0.000091
0.000087
0.000083
0.000082
0.000081
0.000081
0.000079
0.000079
0.000082
0.000089
0.000096
0.000100
0.000103
0.000104
0.000105
0.000106
0.000106
0.000105
0.000102
0.000105
0.000108
0.000102
0.000087
0.000068
0.000057
0.000047
0.000036
0.000024
0.000008
0.000010
0.000028
0.000046
0.000064
0.000080
0.000091
0.000095
0.000095
0.000088
0.000077
0.000062
0.000070
0.000089
0.000101
0.000107
0.000106
0.000098
0.000084
0.000067
0.000050
0.000042
0.000048
0.000059
0.000072
0.000081
0.000085
0.000081
0.000072
0.000059
0.000048
0.000042
0.000050
0.000067
0.000084
0.000098
0.000106
0.000107
0.000101
0.000089
0.000070
0.000062
0.000077
0.000088
0.000095
0.000095
0.000091
0.000080
0.000064
0.000046
0.000028
0.000010
0.000008
0.000024
0.000036
0.000047
0.000057
0.000068
0.000087
0.000102
0.000108
0.000105
0.000102
0.000105
0.000106
0.000106
0.000105
0.000104
0.000103
0.000100
0.000096
0.000089
0.000082
0.000079
0.000079
0.000081
0.000081
0.000082
0.000083
0.000087
0.000091
0.000096
0.000100
0.000106
0.000109
0.000111
0.000112
0.000113
0.000116
0.000124
0.000136
0.000149
0.000163
0.000178
0.000192
0.000204
0.000212
0.000214
0.000209
0.000198
0.000184
0.000169
0.000155
0.000140
0.000126
0.000114
0.000106
0.000104
0.000107
0.000111
0.000114
0.000112
0.000106
0.000095
0.000080
0.000062
0.000068
0.000077
0.000085
0.000090
0.000091
0.000091
0.000091
0.000093
0.000097
0.000104
0.000111
0.000117
0.000124
0.000132
0.000144
0.000157
0.000171
0.000183
0.000192
0.000197
0.000196
0.000191
0.000184
0.000180
0.000179
0.000181
0.000179
0.000169
0.000147
0.000118
0.000086
0.000056
0.000033
0.000018
0.000026
0.000053
0.000080
0.000108
0.000135
0.000155
0.000162
0.000147
0.000099
0.000022
0.000132
0.000342
0.000634
0.001027
0.001541
0.002196
0.003022
0.004063
0.005386
0.007071
0.009192
0.011784
0.014803
0.018094
0.021356
0.024018
