0.026240
0.025740
0.024480
0.022815
0.020979
0.019090
0.017219
0.015412
0.013708
0.012131
0.010699
0.009415
0.008276
0.007273
0.006393
0.005621
0.004943
0.004346
0.003817
0.003347
0.002927
0.002552
0.002217
0.001919
0.001654
0.001419
0.001213
0.001032
0.000874
0.000737
0.000618
0.000516
0.000429
0.000356
0.000324
0.000318
0.000308
0.000297
0.000284
0.000271
0.000259
0.000247
0.000236
0.000226
0.000218
0.000211
0.000207
0.000204
0.000203
0.000204
0.000205
0.000207
0.000210
0.000211
0.000210
0.000205
0.000196
0.000184
0.000171
0.000158
0.000174
0.000196
0.000217
0.000237
0.000257
0.000278
0.000297
0.000313
0.000327
0.000338
0.000349
0.000357
0.000364
0.000367
0.000367
0.000365
0.000364
0.000364
0.000365
0.000366
0.000366
0.000364
0.000359
0.000355
0.000351
0.000348
0.000345
0.000341
0.000335
0.000326
0.000314
0.000300
0.000284
0.000269
0.000256
0.000244
0.000233
0.000222
0.000209
0.000194
0.000178
0.000161
0.000145
0.000130
0.000117
0.000107
0.000101
0.000100
0.000101
0.000105
0.000112
0.000120
0.000128
0.000135
0.000140
0.000141
0.000138
0.000130
0.000135
0.000140
0.000143
0.000145
0.000146
0.000147
0.000150
0.000152
0.000156
0.000163
0.000171
0.000179
0.000187
0.000193
0.000198
0.000201
0.000201
0.000200
0.000196
0.000190
0.000181
0.000176
0.000172
0.000167
0.000161
0.000154
0.000146
0.000138
0.000128
0.000117
0.000108
0.000101
0.000099
0.000101
0.000108
0.000117
0.000128
0.000138
0.000146
0.000154
0.000161
0.000167
0.000172
0.000176
0.000181
0.000190
0.000196
0.000200
0.000201
0.000201
0.000198
0.000193
0.000187
0.000179
0.000171
0.000163
0.000156
0.000152
0.000150
0.000147
0.000146
0.000145
0.000143
0.000140
0.000135
0.000130
0.000138
0.000141
0.000140
0.000135
0.000128
0.000120
0.000112
0.000105
0.000101
0.000100
0.000101
0.000107
0.000117
0.000130
0.000145
0.000161
0.000178
0.000194
0.000209
0.000222
0.000233
0.000244
0.000256
0.000269
0.000284
0.000300
0.000314
0.000326
0.000335
0.000341
0.000345
0.000348
0.000351
0.000355
0.000359
0.000364
0.000366
0.000366
0.000365
0.000364
0.000364
0.000365
0.000367
0.000367
0.000364
0.000357
0.000349
0.000338
0.000327
0.000313
0.000297
0.000278
0.000257
0.000237
0.000217
0.000196
0.000174
0.000158
0.000171
0.000184
0.000196
0.000205
0.000210
0.000211
0.000210
0.000207
0.000205
0.000204
0.000203
0.000204
0.000207
0.000211
0.000218
0.000226
0.000236
0.000247
0.000259
0.000271
0.000284
0.000297
0.000308
0.000318
0.000324
0.000356
0.000429
0.000516
0.000618
0.000737
0.000874
0.001032
0.001213
0.001419
0.001654
0.001919
0.002217
0.002552
0.002927
0.003347
0.003817
0.004346
0.004943
0.005621
0.006393
0.007273
0.008276
0.009415
0.010699
0.012131
0.013708
0.015412
0.017219
0.019090
0.020979
0.022815
0.024480
0.025740
