0.025000
0.024311
0.022605
0.020400
0.018029
0.015667
0.013427
0.011380
0.009572
0.008015
0.006700
0.005601
0.004683
0.003914
0.003264
0.002709
0.002233
0.001822
0.001469
0.001169
0.000917
0.000708
0.000538
0.000403
0.000301
0.000226
0.000176
0.000146
0.000162
0.000179
0.000196
0.000210
0.000219
0.000223
0.000222
0.000216
0.000211
0.000205
0.000200
0.000196
0.000192
0.000188
0.000184
0.000181
0.000177
0.000172
0.000167
0.000161
0.000157
0.000155
0.000154
0.000152
0.000148
0.000142
0.000134
0.000124
0.000114
0.000104
0.000096
0.000090
0.000117
0.000141
0.000161
0.000177
0.000188
0.000197
0.000204
0.000210
0.000214
0.000217
0.000222
0.000229
0.000238
0.000248
0.000261
0.000273
0.000285
0.000295
0.000301
0.000304
0.000302
0.000295
0.000284
0.000273
0.000264
0.000257
0.000252
0.000248
0.000244
0.000239
0.000232
0.000223
0.000211
0.000197
0.000184
0.000171
0.000161
0.000151
0.000141
0.000133
0.000126
0.000120
0.000113
0.000106
0.000098
0.000091
0.000084
0.000079
0.000076
0.000076
0.000080
0.000096
0.000112
0.000125
0.000134
0.000138
0.000138
0.000133
0.000126
0.000118
0.000110
0.000104
0.000099
0.000095
0.000089
0.000082
0.000075
0.000070
0.000067
0.000066
0.000069
0.000074
0.000081
0.000091
0.000101
0.000110
0.000117
0.000121
0.000123
0.000122
0.000116
0.000105
0.000091
0.000073
0.000054
0.000036
0.000022
0.000036
0.000058
0.000073
0.000078
0.000073
0.000058
0.000036
0.000022
0.000036
0.000054
0.000073
0.000091
0.000105
0.000116
0.000122
0.000123
0.000121
0.000117
0.000110
0.000101
0.000091
0.000081
0.000074
0.000069
0.000066
0.000067
0.000070
0.000075
0.000082
0.000089
0.000095
0.000099
0.000104
0.000110
0.000118
0.000126
0.000133
0.000138
0.000138
0.000134
0.000125
0.000112
0.000096
0.000080
0.000076
0.000076
0.000079
0.000084
0.000091
0.000098
0.000106
0.000113
0.000120
0.000126
0.000133
0.000141
0.000151
0.000161
0.000171
0.000184
0.000197
0.000211
0.000223
0.000232
0.000239
0.000244
0.000248
0.000252
0.000257
0.000264
0.000273
0.000284
0.000295
0.000302
0.000304
0.000301
0.000295
0.000285
0.000273
0.000261
0.000248
0.000238
0.000229
0.000222
0.000217
0.000214
0.000210
0.000204
0.000197
0.000188
0.000177
0.000161
0.000141
0.000117
0.000090
0.000096
0.000104
0.000114
0.000124
0.000134
0.000142
0.000148
0.000152
0.000154
0.000155
0.000157
0.000161
0.000167
0.000172
0.000177
0.000181
0.000184
0.000188
0.000192
0.000196
0.000200
0.000205
0.000211
0.000216
0.000222
0.000223
0.000219
0.000210
0.000196
0.000179
0.000162
0.000146
0.000176
0.000226
0.000301
0.000403
0.000538
0.000708
0.000917
0.001169
0.001469
0.001822
0.002233
0.002709
0.003264
0.003914
0.004683
0.005601
0.006700
0.008015
0.009572
0.011380
0.013427
0.015667
0.018029
0.020400
0.022605
0.024311
