0.027644
0.027353
0.026634
0.025653
0.024561
0.023402
0.022225
0.021033
0.019855
0.018684
0.017545
0.016430
0.015357
0.014322
0.013338
0.012402
0.011523
0.010694
0.009919
0.009194
0.008520
0.007891
0.007308
0.006765
0.006262
0.005793
0.005355
0.004945
0.004561
0.004201
0.003864
0.003547
0.003250
0.002971
0.002710
0.002466
0.002239
0.002027
0.001831
0.001649
0.001480
0.001323
0.001178
0.001042
0.000916
0.000798
0.000688
0.000584
0.000486
0.000392
0.000304
0.000220
0.000159
0.000147
0.000134
0.000121
0.000116
0.000167
0.000213
0.000256
0.000295
0.000329
0.000358
0.000382
0.000402
0.000418
0.000432
0.000445
0.000457
0.000468
0.000478
0.000488
0.000497
0.000504
0.000511
0.000516
0.000521
0.000524
0.000527
0.000528
0.000529
0.000528
0.000526
0.000523
0.000520
0.000517
0.000513
0.000508
0.000501
0.000494
0.000484
0.000474
0.000462
0.000450
0.000439
0.000433
0.000425
0.000413
0.000402
0.000389
0.000374
0.000358
0.000342
0.000327
0.000315
0.000305
0.000296
0.000290
0.000286
0.000283
0.000283
0.000283
0.000283
0.000283
0.000282
0.000280
0.000276
0.000269
0.000258
0.000245
0.000245
0.000252
0.000260
0.000268
0.000275
0.000280
0.000284
0.000285
0.000284
0.000281
0.000277
0.000270
0.000262
0.000251
0.000239
0.000223
0.000203
0.000182
0.000158
0.000135
0.000112
0.000089
0.000068
0.000050
0.000035
0.000023
0.000015
0.000008
0.000010
0.000014
0.000015
0.000014
0.000010
0.000008
0.000015
0.000023
0.000035
0.000050
0.000068
0.000089
0.000112
0.000135
0.000158
0.000182
0.000203
0.000223
0.000239
0.000251
0.000262
0.000270
0.000277
0.000281
0.000284
0.000285
0.000284
0.000280
0.000275
0.000268
0.000260
0.000252
0.000245
0.000245
0.000258
0.000269
0.000276
0.000280
0.000282
0.000283
0.000283
0.000283
0.000283
0.000283
0.000286
0.000290
0.000296
0.000305
0.000315
0.000327
0.000342
0.000358
0.000374
0.000389
0.000402
0.000413
0.000425
0.000433
0.000439
0.000450
0.000462
0.000474
0.000484
0.000494
0.000501
0.000508
0.000513
0.000517
0.000520
0.000523
0.000526
0.000528
0.000529
0.000528
0.000527
0.000524
0.000521
0.000516
0.000511
0.000504
0.000497
0.000488
0.000478
0.000468
0.000457
0.000445
0.000432
0.000418
0.000402
0.000382
0.000358
0.000329
0.000295
0.000256
0.000213
0.000167
0.000116
0.000121
0.000134
0.000147
0.000159
0.000220
0.000304
0.000392
0.000486
0.000584
0.000688
0.000798
0.000916
0.001042
0.001178
0.001323
0.001480
0.001649
0.001831
0.002027
0.002239
0.002466
0.002710
0.002971
0.003250
0.003547
0.003864
0.004201
0.004561
0.004945
0.005355
0.005793
0.006262
0.006765
0.007308
0.007891
0.008520
0.009194
0.009919
0.010694
0.011523
0.012402
0.013338
0.014322
0.015357
0.016430
0.017545
0.018684
0.019855
0.021033
0.022225
0.023402
0.024561
0.025653
0.026634
0.027353
