0.027689
0.027405
0.026702
0.025743
0.024674
0.023540
0.022388
0.021220
0.020065
0.018916
0.017796
0.016696
0.015637
0.014612
0.013636
0.012704
0.011826
0.010995
0.010218
0.009487
0.008807
0.008170
0.007579
0.007028
0.006516
0.006038
0.005592
0.005173
0.004780
0.004411
0.004066
0.003740
0.003434
0.003147
0.002878
0.002626
0.002392
0.002173
0.001969
0.001780
0.001604
0.001440
0.001288
0.001146
0.001013
0.000889
0.000772
0.000661
0.000556
0.000456
0.000362
0.000272
0.000188
0.000136
0.000123
0.000111
0.000099
0.000144
0.000193
0.000238
0.000279
0.000315
0.000345
0.000371
0.000392
0.000409
0.000424
0.000437
0.000449
0.000461
0.000472
0.000481
0.000491
0.000499
0.000506
0.000513
0.000518
0.000523
0.000527
0.000530
0.000531
0.000531
0.000530
0.000528
0.000526
0.000523
0.000519
0.000515
0.000510
0.000503
0.000494
0.000484
0.000474
0.000463
0.000452
0.000444
0.000436
0.000426
0.000416
0.000403
0.000389
0.000373
0.000357
0.000343
0.000331
0.000321
0.000312
0.000306
0.000301
0.000298
0.000297
0.000296
0.000295
0.000294
0.000293
0.000289
0.000284
0.000277
0.000267
0.000253
0.000247
0.000253
0.000259
0.000266
0.000272
0.000277
0.000279
0.000280
0.000279
0.000276
0.000271
0.000264
0.000256
0.000245
0.000232
0.000217
0.000198
0.000176
0.000153
0.000130
0.000107
0.000085
0.000064
0.000046
0.000032
0.000021
0.000029
0.000037
0.000043
0.000047
0.000048
0.000047
0.000043
0.000037
0.000029
0.000021
0.000032
0.000046
0.000064
0.000085
0.000107
0.000130
0.000153
0.000176
0.000198
0.000217
0.000232
0.000245
0.000256
0.000264
0.000271
0.000276
0.000279
0.000280
0.000279
0.000277
0.000272
0.000266
0.000259
0.000253
0.000247
0.000253
0.000267
0.000277
0.000284
0.000289
0.000293
0.000294
0.000295
0.000296
0.000297
0.000298
0.000301
0.000306
0.000312
0.000321
0.000331
0.000343
0.000357
0.000373
0.000389
0.000403
0.000416
0.000426
0.000436
0.000444
0.000452
0.000463
0.000474
0.000484
0.000494
0.000503
0.000510
0.000515
0.000519
0.000523
0.000526
0.000528
0.000530
0.000531
0.000531
0.000530
0.000527
0.000523
0.000518
0.000513
0.000506
0.000499
0.000491
0.000481
0.000472
0.000461
0.000449
0.000437
0.000424
0.000409
0.000392
0.000371
0.000345
0.000315
0.000279
0.000238
0.000193
0.000144
0.000099
0.000111
0.000123
0.000136
0.000188
0.000272
0.000362
0.000456
0.000556
0.000661
0.000772
0.000889
0.001013
0.001146
0.001288
0.001440
0.001604
0.001780
0.001969
0.002173
0.002392
0.002626
0.002878
0.003147
0.003434
0.003740
0.004066
0.004411
0.004780
0.005173
0.005592
0.006038
0.006516
0.007028
0.007579
0.008170
0.008807
0.009487
0.010218
0.010995
0.011826
0.012704
0.013636
0.014612
0.015637
0.016696
0.017796
0.018916
0.020065
0.021220
0.022388
0.023540
0.024674
0.025743
0.026702
0.027405
