0.027218
0.026868
0.025989
0.024805
0.023485
0.022097
0.020693
0.019289
0.017914
0.016571
0.015285
0.014057
0.012901
0.011816
0.010809
0.009878
0.009024
0.008241
0.007526
0.006872
0.006275
0.005728
0.005228
0.004768
0.004345
0.003956
0.003596
0.003263
0.002953
0.002665
0.002399
0.002152
0.001923
0.001712
0.001516
0.001337
0.001174
0.001025
0.000892
0.000772
0.000664
0.000567
0.000478
0.000397
0.000323
0.000256
0.000246
0.000244
0.000242
0.000239
0.000236
0.000231
0.000225
0.000215
0.000204
0.000191
0.000187
0.000216
0.000245
0.000274
0.000303
0.000330
0.000354
0.000376
0.000396
0.000414
0.000431
0.000448
0.000463
0.000477
0.000490
0.000500
0.000509
0.000516
0.000521
0.000524
0.000526
0.000527
0.000528
0.000527
0.000524
0.000519
0.000514
0.000507
0.000499
0.000489
0.000477
0.000464
0.000450
0.000434
0.000417
0.000400
0.000385
0.000372
0.000360
0.000349
0.000338
0.000327
0.000313
0.000298
0.000282
0.000265
0.000250
0.000236
0.000223
0.000211
0.000202
0.000194
0.000189
0.000187
0.000186
0.000188
0.000190
0.000193
0.000194
0.000194
0.000191
0.000185
0.000197
0.000209
0.000220
0.000230
0.000239
0.000247
0.000255
0.000262
0.000268
0.000273
0.000277
0.000278
0.000278
0.000274
0.000268
0.000259
0.000247
0.000231
0.000212
0.000189
0.000173
0.000168
0.000161
0.000153
0.000144
0.000134
0.000124
0.000115
0.000107
0.000100
0.000094
0.000091
0.000090
0.000091
0.000094
0.000100
0.000107
0.000115
0.000124
0.000134
0.000144
0.000153
0.000161
0.000168
0.000173
0.000189
0.000212
0.000231
0.000247
0.000259
0.000268
0.000274
0.000278
0.000278
0.000277
0.000273
0.000268
0.000262
0.000255
0.000247
0.000239
0.000230
0.000220
0.000209
0.000197
0.000185
0.000191
0.000194
0.000194
0.000193
0.000190
0.000188
0.000186
0.000187
0.000189
0.000194
0.000202
0.000211
0.000223
0.000236
0.000250
0.000265
0.000282
0.000298
0.000313
0.000327
0.000338
0.000349
0.000360
0.000372
0.000385
0.000400
0.000417
0.000434
0.000450
0.000464
0.000477
0.000489
0.000499
0.000507
0.000514
0.000519
0.000524
0.000527
0.000528
0.000527
0.000526
0.000524
0.000521
0.000516
0.000509
0.000500
0.000490
0.000477
0.000463
0.000448
0.000431
0.000414
0.000396
0.000376
0.000354
0.000330
0.000303
0.000274
0.000245
0.000216
0.000187
0.000191
0.000204
0.000215
0.000225
0.000231
0.000236
0.000239
0.000242
0.000244
0.000246
0.000256
0.000323
0.000397
0.000478
0.000567
0.000664
0.000772
0.000892
0.001025
0.001174
0.001337
0.001516
0.001712
0.001923
0.002152
0.002399
0.002665
0.002953
0.003263
0.003596
0.003956
0.004345
0.004768
0.005228
0.005728
0.006275
0.006872
0.007526
0.008241
0.009024
0.009878
0.010809
0.011816
0.012901
0.014057
0.015285
0.016571
0.017914
0.019289
0.020693
0.022097
0.023485
0.024805
0.025989
0.026868
