0.027416
0.025045
0.019857
0.014277
0.009655
0.006292
0.003900
0.002115
0.000761
0.000193
0.000771
0.001032
0.001055
0.000927
0.000721
0.000499
0.000303
0.000155
0.000074
0.000060
0.000049
0.000042
0.000031
0.000010
0.000020
0.000046
0.000066
0.000071
0.000062
0.000039
0.000005
0.000037
0.000076
0.000100
0.000106
0.000104
0.000106
0.000115
0.000127
0.000135
0.000137
0.000134
0.000128
0.000121
0.000110
0.000094
0.000075
0.000068
0.000066
0.000056
0.000044
0.000048
0.000057
0.000072
0.000085
0.000093
0.000092
0.000082
0.000067
0.000053
0.000045
0.000042
0.000063
0.000094
0.000115
0.000114
0.000090
0.000052
0.000032
0.000023
0.000006
0.000017
0.000040
0.000062
0.000077
0.000085
0.000091
0.000095
0.000097
0.000094
0.000086
0.000073
0.000062
0.000066
0.000069
0.000077
0.000086
0.000091
0.000090
0.000088
0.000083
0.000072
0.000055
0.000038
0.000038
0.000040
0.000046
0.000056
0.000067
0.000074
0.000075
0.000071
0.000065
0.000059
0.000062
0.000054
0.000044
0.000037
0.000033
0.000030
0.000028
0.000031
0.000043
0.000052
0.000056
0.000056
0.000054
0.000057
0.000063
0.000066
0.000062
0.000053
0.000044
0.000038
0.000033
0.000031
0.000037
0.000039
0.000060
0.000092
0.000120
0.000143
0.000157
0.000158
0.000147
0.000122
0.000086
0.000062
0.000070
0.000074
0.000077
0.000085
0.000097
0.000107
0.000108
0.000097
0.000072
0.000049
0.000052
0.000050
0.000048
0.000050
0.000052
0.000049
0.000072
0.000097
0.000108
0.000107
0.000097
0.000085
0.000077
0.000074
0.000070
0.000062
0.000086
0.000122
0.000147
0.000158
0.000157
0.000143
0.000120
0.000092
0.000060
0.000039
0.000037
0.000031
0.000033
0.000038
0.000044
0.000053
0.000062
0.000066
0.000063
0.000057
0.000054
0.000056
0.000056
0.000052
0.000043
0.000031
0.000028
0.000030
0.000033
0.000037
0.000044
0.000054
0.000062
0.000059
0.000065
0.000071
0.000075
0.000074
0.000067
0.000056
0.000046
0.000040
0.000038
0.000038
0.000055
0.000072
0.000083
0.000088
0.000090
0.000091
0.000086
0.000077
0.000069
0.000066
0.000062
0.000073
0.000086
0.000094
0.000097
0.000095
0.000091
0.000085
0.000077
0.000062
0.000040
0.000017
0.000006
0.000023
0.000032
0.000052
0.000090
0.000114
0.000115
0.000094
0.000063
0.000042
0.000045
0.000053
0.000067
0.000082
0.000092
0.000093
0.000085
0.000072
0.000057
0.000048
0.000044
0.000056
0.000066
0.000068
0.000075
0.000094
0.000110
0.000121
0.000128
0.000134
0.000137
0.000135
0.000127
0.000115
0.000106
0.000104
0.000106
0.000100
0.000076
0.000037
0.000005
0.000039
0.000062
0.000071
0.000066
0.000046
0.000020
0.000010
0.000031
0.000042
0.000049
0.000060
0.000074
0.000155
0.000303
0.000499
0.000721
0.000927
0.001055
0.001032
0.000771
0.000193
0.000761
0.002115
0.003900
0.006292
0.009655
0.014277
0.019857
0.025045
