0.027595
0.027298
0.026561
0.025557
0.024439
0.023253
0.022049
0.020832
0.019631
0.018438
0.017280
0.016148
0.015063
0.014018
0.013027
0.012088
0.011208
0.010380
0.009610
0.008890
0.008224
0.007603
0.007029
0.006495
0.006002
0.005542
0.005114
0.004714
0.004339
0.003988
0.003660
0.003351
0.003062
0.002792
0.002539
0.002303
0.002084
0.001880
0.001692
0.001517
0.001355
0.001206
0.001067
0.000939
0.000820
0.000709
0.000606
0.000509
0.000418
0.000331
0.000249
0.000180
0.000170
0.000158
0.000145
0.000131
0.000137
0.000185
0.000229
0.000269
0.000306
0.000338
0.000366
0.000389
0.000408
0.000424
0.000438
0.000450
0.000462
0.000472
0.000482
0.000492
0.000500
0.000507
0.000514
0.000518
0.000522
0.000524
0.000526
0.000526
0.000525
0.000523
0.000521
0.000517
0.000514
0.000510
0.000506
0.000500
0.000493
0.000484
0.000473
0.000461
0.000449
0.000437
0.000426
0.000422
0.000415
0.000403
0.000388
0.000375
0.000360
0.000344
0.000328
0.000314
0.000302
0.000292
0.000284
0.000278
0.000274
0.000272
0.000271
0.000272
0.000273
0.000274
0.000274
0.000272
0.000268
0.000261
0.000251
0.000237
0.000245
0.000253
0.000262
0.000270
0.000278
0.000284
0.000288
0.000290
0.000289
0.000287
0.000283
0.000276
0.000268
0.000257
0.000244
0.000228
0.000209
0.000187
0.000164
0.000140
0.000116
0.000093
0.000072
0.000057
0.000046
0.000036
0.000027
0.000020
0.000014
0.000010
0.000008
0.000010
0.000014
0.000020
0.000027
0.000036
0.000046
0.000057
0.000072
0.000093
0.000116
0.000140
0.000164
0.000187
0.000209
0.000228
0.000244
0.000257
0.000268
0.000276
0.000283
0.000287
0.000289
0.000290
0.000288
0.000284
0.000278
0.000270
0.000262
0.000253
0.000245
0.000237
0.000251
0.000261
0.000268
0.000272
0.000274
0.000274
0.000273
0.000272
0.000271
0.000272
0.000274
0.000278
0.000284
0.000292
0.000302
0.000314
0.000328
0.000344
0.000360
0.000375
0.000388
0.000403
0.000415
0.000422
0.000426
0.000437
0.000449
0.000461
0.000473
0.000484
0.000493
0.000500
0.000506
0.000510
0.000514
0.000517
0.000521
0.000523
0.000525
0.000526
0.000526
0.000524
0.000522
0.000518
0.000514
0.000507
0.000500
0.000492
0.000482
0.000472
0.000462
0.000450
0.000438
0.000424
0.000408
0.000389
0.000366
0.000338
0.000306
0.000269
0.000229
0.000185
0.000137
0.000131
0.000145
0.000158
0.000170
0.000180
0.000249
0.000331
0.000418
0.000509
0.000606
0.000709
0.000820
0.000939
0.001067
0.001206
0.001355
0.001517
0.001692
0.001880
0.002084
0.002303
0.002539
0.002792
0.003062
0.003351
0.003660
0.003988
0.004339
0.004714
0.005114
0.005542
0.006002
0.006495
0.007029
0.007603
0.008224
0.008890
0.009610
0.010380
0.011208
0.012088
0.013027
0.014018
0.015063
0.016148
0.017280
0.018438
0.019631
0.020832
0.022049
0.023253
0.024439
0.025557
0.026561
0.027298
