0.027429
0.027108
0.026308
0.025225
0.024017
0.022741
0.021448
0.020147
0.018866
0.017604
0.016385
0.015205
0.014082
0.013013
0.012009
0.011066
0.010192
0.009379
0.008629
0.007935
0.007295
0.006704
0.006161
0.005659
0.005198
0.004770
0.004374
0.004005
0.003661
0.003339
0.003038
0.002758
0.002498
0.002255
0.002028
0.001818
0.001624
0.001444
0.001280
0.001130
0.000993
0.000868
0.000754
0.000649
0.000552
0.000464
0.000382
0.000307
0.000237
0.000221
0.000215
0.000207
0.000198
0.000186
0.000172
0.000157
0.000177
0.000215
0.000252
0.000287
0.000318
0.000347
0.000371
0.000392
0.000411
0.000427
0.000442
0.000455
0.000467
0.000479
0.000489
0.000497
0.000505
0.000512
0.000517
0.000521
0.000523
0.000524
0.000524
0.000523
0.000521
0.000517
0.000512
0.000507
0.000501
0.000494
0.000487
0.000479
0.000469
0.000457
0.000443
0.000428
0.000414
0.000402
0.000390
0.000380
0.000374
0.000364
0.000350
0.000337
0.000323
0.000308
0.000294
0.000281
0.000269
0.000259
0.000250
0.000243
0.000238
0.000236
0.000236
0.000237
0.000240
0.000241
0.000242
0.000241
0.000237
0.000231
0.000220
0.000227
0.000237
0.000247
0.000256
0.000265
0.000272
0.000278
0.000282
0.000286
0.000288
0.000288
0.000286
0.000282
0.000275
0.000265
0.000252
0.000235
0.000215
0.000192
0.000167
0.000141
0.000134
0.000126
0.000116
0.000105
0.000095
0.000086
0.000079
0.000073
0.000068
0.000065
0.000064
0.000065
0.000068
0.000073
0.000079
0.000086
0.000095
0.000105
0.000116
0.000126
0.000134
0.000141
0.000167
0.000192
0.000215
0.000235
0.000252
0.000265
0.000275
0.000282
0.000286
0.000288
0.000288
0.000286
0.000282
0.000278
0.000272
0.000265
0.000256
0.000247
0.000237
0.000227
0.000220
0.000231
0.000237
0.000241
0.000242
0.000241
0.000240
0.000237
0.000236
0.000236
0.000238
0.000243
0.000250
0.000259
0.000269
0.000281
0.000294
0.000308
0.000323
0.000337
0.000350
0.000364
0.000374
0.000380
0.000390
0.000402
0.000414
0.000428
0.000443
0.000457
0.000469
0.000479
0.000487
0.000494
0.000501
0.000507
0.000512
0.000517
0.000521
0.000523
0.000524
0.000524
0.000523
0.000521
0.000517
0.000512
0.000505
0.000497
0.000489
0.000479
0.000467
0.000455
0.000442
0.000427
0.000411
0.000392
0.000371
0.000347
0.000318
0.000287
0.000252
0.000215
0.000177
0.000157
0.000172
0.000186
0.000198
0.000207
0.000215
0.000221
0.000237
0.000307
0.000382
0.000464
0.000552
0.000649
0.000754
0.000868
0.000993
0.001130
0.001280
0.001444
0.001624
0.001818
0.002028
0.002255
0.002498
0.002758
0.003038
0.003339
0.003661
0.004005
0.004374
0.004770
0.005198
0.005659
0.006161
0.006704
0.007295
0.007935
0.008629
0.009379
0.010192
0.011066
0.012009
0.013013
0.014082
0.015205
0.016385
0.017604
0.018866
0.020147
0.021448
0.022741
0.024017
0.025225
0.026308
0.027108
