0.027361
0.027031
0.026207
0.025093
0.023850
0.022541
0.021214
0.019881
0.018571
0.017284
0.016043
0.014847
0.013712
0.012635
0.011629
0.010688
0.009819
0.009014
0.008274
0.007591
0.006964
0.006386
0.005855
0.005367
0.004917
0.004502
0.004118
0.003760
0.003427
0.003115
0.002826
0.002556
0.002306
0.002074
0.001857
0.001657
0.001472
0.001302
0.001147
0.001006
0.000879
0.000764
0.000658
0.000561
0.000472
0.000391
0.000316
0.000248
0.000231
0.000227
0.000222
0.000214
0.000205
0.000193
0.000180
0.000165
0.000184
0.000219
0.000253
0.000286
0.000317
0.000345
0.000369
0.000390
0.000409
0.000426
0.000441
0.000455
0.000469
0.000481
0.000492
0.000501
0.000509
0.000515
0.000521
0.000524
0.000527
0.000528
0.000528
0.000527
0.000525
0.000521
0.000516
0.000510
0.000504
0.000496
0.000487
0.000477
0.000466
0.000452
0.000438
0.000422
0.000408
0.000395
0.000383
0.000373
0.000363
0.000353
0.000341
0.000328
0.000313
0.000297
0.000282
0.000268
0.000256
0.000245
0.000236
0.000229
0.000223
0.000221
0.000221
0.000222
0.000225
0.000227
0.000228
0.000227
0.000224
0.000217
0.000210
0.000222
0.000233
0.000243
0.000252
0.000261
0.000268
0.000274
0.000279
0.000283
0.000286
0.000287
0.000286
0.000282
0.000276
0.000265
0.000252
0.000235
0.000215
0.000192
0.000166
0.000153
0.000146
0.000138
0.000128
0.000118
0.000108
0.000099
0.000092
0.000086
0.000082
0.000079
0.000078
0.000079
0.000082
0.000086
0.000092
0.000099
0.000108
0.000118
0.000128
0.000138
0.000146
0.000153
0.000166
0.000192
0.000215
0.000235
0.000252
0.000265
0.000276
0.000282
0.000286
0.000287
0.000286
0.000283
0.000279
0.000274
0.000268
0.000261
0.000252
0.000243
0.000233
0.000222
0.000210
0.000217
0.000224
0.000227
0.000228
0.000227
0.000225
0.000222
0.000221
0.000221
0.000223
0.000229
0.000236
0.000245
0.000256
0.000268
0.000282
0.000297
0.000313
0.000328
0.000341
0.000353
0.000363
0.000373
0.000383
0.000395
0.000408
0.000422
0.000438
0.000452
0.000466
0.000477
0.000487
0.000496
0.000504
0.000510
0.000516
0.000521
0.000525
0.000527
0.000528
0.000528
0.000527
0.000524
0.000521
0.000515
0.000509
0.000501
0.000492
0.000481
0.000469
0.000455
0.000441
0.000426
0.000409
0.000390
0.000369
0.000345
0.000317
0.000286
0.000253
0.000219
0.000184
0.000165
0.000180
0.000193
0.000205
0.000214
0.000222
0.000227
0.000231
0.000248
0.000316
0.000391
0.000472
0.000561
0.000658
0.000764
0.000879
0.001006
0.001147
0.001302
0.001472
0.001657
0.001857
0.002074
0.002306
0.002556
0.002826
0.003115
0.003427
0.003760
0.004118
0.004502
0.004917
0.005367
0.005855
0.006386
0.006964
0.007591
0.008274
0.009014
0.009819
0.010688
0.011629
0.012635
0.013712
0.014847
0.016043
0.017284
0.018571
0.019881
0.021214
0.022541
0.023850
0.025093
0.026207
0.027031
