0.027294
0.026954
0.026104
0.024956
0.023676
0.022329
0.020965
0.019598
0.018256
0.016941
0.015678
0.014465
0.013319
0.012238
0.011230
0.010293
0.009431
0.008636
0.007907
0.007237
0.006624
0.006061
0.005546
0.005071
0.004636
0.004233
0.003861
0.003515
0.003193
0.002893
0.002614
0.002356
0.002117
0.001894
0.001688
0.001498
0.001323
0.001163
0.001018
0.000888
0.000770
0.000664
0.000567
0.000478
0.000396
0.000322
0.000254
0.000240
0.000238
0.000235
0.000231
0.000224
0.000216
0.000205
0.000192
0.000178
0.000187
0.000219
0.000251
0.000282
0.000312
0.000339
0.000364
0.000385
0.000404
0.000421
0.000438
0.000453
0.000468
0.000481
0.000493
0.000503
0.000511
0.000518
0.000524
0.000527
0.000530
0.000531
0.000531
0.000530
0.000528
0.000524
0.000519
0.000512
0.000505
0.000496
0.000486
0.000474
0.000461
0.000446
0.000430
0.000414
0.000399
0.000386
0.000375
0.000364
0.000354
0.000343
0.000331
0.000316
0.000300
0.000283
0.000268
0.000253
0.000240
0.000229
0.000219
0.000212
0.000207
0.000204
0.000204
0.000205
0.000207
0.000210
0.000211
0.000211
0.000208
0.000202
0.000202
0.000214
0.000226
0.000236
0.000245
0.000253
0.000261
0.000267
0.000273
0.000278
0.000281
0.000282
0.000282
0.000278
0.000272
0.000262
0.000249
0.000233
0.000213
0.000190
0.000167
0.000162
0.000156
0.000148
0.000139
0.000129
0.000119
0.000110
0.000103
0.000097
0.000093
0.000090
0.000089
0.000090
0.000093
0.000097
0.000103
0.000110
0.000119
0.000129
0.000139
0.000148
0.000156
0.000162
0.000167
0.000190
0.000213
0.000233
0.000249
0.000262
0.000272
0.000278
0.000282
0.000282
0.000281
0.000278
0.000273
0.000267
0.000261
0.000253
0.000245
0.000236
0.000226
0.000214
0.000202
0.000202
0.000208
0.000211
0.000211
0.000210
0.000207
0.000205
0.000204
0.000204
0.000207
0.000212
0.000219
0.000229
0.000240
0.000253
0.000268
0.000283
0.000300
0.000316
0.000331
0.000343
0.000354
0.000364
0.000375
0.000386
0.000399
0.000414
0.000430
0.000446
0.000461
0.000474
0.000486
0.000496
0.000505
0.000512
0.000519
0.000524
0.000528
0.000530
0.000531
0.000531
0.000530
0.000527
0.000524
0.000518
0.000511
0.000503
0.000493
0.000481
0.000468
0.000453
0.000438
0.000421
0.000404
0.000385
0.000364
0.000339
0.000312
0.000282
0.000251
0.000219
0.000187
0.000178
0.000192
0.000205
0.000216
0.000224
0.000231
0.000235
0.000238
0.000240
0.000254
0.000322
0.000396
0.000478
0.000567
0.000664
0.000770
0.000888
0.001018
0.001163
0.001323
0.001498
0.001688
0.001894
0.002117
0.002356
0.002614
0.002893
0.003193
0.003515
0.003861
0.004233
0.004636
0.005071
0.005546
0.006061
0.006624
0.007237
0.007907
0.008636
0.009431
0.010293
0.011230
0.012238
0.013319
0.014465
0.015678
0.016941
0.018256
0.019598
0.020965
0.022329
0.023676
0.024956
0.026104
0.026954
