0.027487
0.027175
0.026397
0.025343
0.024166
0.022923
0.021661
0.020389
0.019136
0.017898
0.016700
0.015536
0.014425
0.013363
0.012363
0.011420
0.010542
0.009723
0.008965
0.008260
0.007611
0.007009
0.006454
0.005941
0.005469
0.005030
0.004623
0.004243
0.003889
0.003557
0.003247
0.002957
0.002687
0.002434
0.002199
0.001980
0.001777
0.001589
0.001416
0.001257
0.001111
0.000978
0.000855
0.000742
0.000637
0.000541
0.000452
0.000370
0.000292
0.000219
0.000208
0.000200
0.000191
0.000179
0.000166
0.000151
0.000169
0.000210
0.000249
0.000285
0.000317
0.000346
0.000371
0.000393
0.000411
0.000427
0.000442
0.000454
0.000466
0.000477
0.000487
0.000495
0.000504
0.000510
0.000516
0.000519
0.000522
0.000523
0.000523
0.000522
0.000520
0.000516
0.000512
0.000507
0.000503
0.000497
0.000491
0.000484
0.000475
0.000464
0.000451
0.000438
0.000424
0.000411
0.000400
0.000394
0.000388
0.000378
0.000363
0.000348
0.000334
0.000319
0.000305
0.000291
0.000280
0.000270
0.000262
0.000256
0.000251
0.000249
0.000249
0.000251
0.000254
0.000256
0.000256
0.000255
0.000251
0.000244
0.000233
0.000231
0.000241
0.000251
0.000260
0.000269
0.000276
0.000282
0.000287
0.000289
0.000291
0.000290
0.000287
0.000283
0.000275
0.000265
0.000252
0.000236
0.000216
0.000193
0.000169
0.000144
0.000121
0.000113
0.000103
0.000092
0.000082
0.000073
0.000065
0.000058
0.000053
0.000050
0.000049
0.000050
0.000053
0.000058
0.000065
0.000073
0.000082
0.000092
0.000103
0.000113
0.000121
0.000144
0.000169
0.000193
0.000216
0.000236
0.000252
0.000265
0.000275
0.000283
0.000287
0.000290
0.000291
0.000289
0.000287
0.000282
0.000276
0.000269
0.000260
0.000251
0.000241
0.000231
0.000233
0.000244
0.000251
0.000255
0.000256
0.000256
0.000254
0.000251
0.000249
0.000249
0.000251
0.000256
0.000262
0.000270
0.000280
0.000291
0.000305
0.000319
0.000334
0.000348
0.000363
0.000378
0.000388
0.000394
0.000400
0.000411
0.000424
0.000438
0.000451
0.000464
0.000475
0.000484
0.000491
0.000497
0.000503
0.000507
0.000512
0.000516
0.000520
0.000522
0.000523
0.000523
0.000522
0.000519
0.000516
0.000510
0.000504
0.000495
0.000487
0.000477
0.000466
0.000454
0.000442
0.000427
0.000411
0.000393
0.000371
0.000346
0.000317
0.000285
0.000249
0.000210
0.000169
0.000151
0.000166
0.000179
0.000191
0.000200
0.000208
0.000219
0.000292
0.000370
0.000452
0.000541
0.000637
0.000742
0.000855
0.000978
0.001111
0.001257
0.001416
0.001589
0.001777
0.001980
0.002199
0.002434
0.002687
0.002957
0.003247
0.003557
0.003889
0.004243
0.004623
0.005030
0.005469
0.005941
0.006454
0.007009
0.007611
0.008260
0.008965
0.009723
0.010542
0.011420
0.012363
0.013363
0.014425
0.015536
0.016700
0.017898
0.019136
0.020389
0.021661
0.022923
0.024166
0.025343
0.026397
0.027175
