0.025928
0.025396
0.024059
0.022297
0.020362
0.018380
0.016430
0.014564
0.012825
0.011236
0.009812
0.008552
0.007451
0.006492
0.005658
0.004932
0.004298
0.003740
0.003248
0.002810
0.002422
0.002077
0.001774
0.001508
0.001276
0.001075
0.000902
0.000755
0.000630
0.000524
0.000436
0.000363
0.000307
0.000306
0.000302
0.000296
0.000289
0.000279
0.000269
0.000259
0.000248
0.000237
0.000226
0.000216
0.000206
0.000198
0.000193
0.000191
0.000189
0.000187
0.000188
0.000189
0.000191
0.000191
0.000190
0.000185
0.000177
0.000167
0.000155
0.000143
0.000162
0.000183
0.000203
0.000220
0.000237
0.000255
0.000272
0.000287
0.000300
0.000311
0.000320
0.000327
0.000333
0.000337
0.000339
0.000340
0.000341
0.000342
0.000344
0.000346
0.000346
0.000344
0.000339
0.000333
0.000328
0.000323
0.000319
0.000314
0.000309
0.000302
0.000292
0.000279
0.000265
0.000250
0.000237
0.000226
0.000215
0.000203
0.000190
0.000176
0.000160
0.000144
0.000129
0.000115
0.000103
0.000094
0.000088
0.000086
0.000088
0.000091
0.000096
0.000103
0.000111
0.000118
0.000125
0.000127
0.000125
0.000127
0.000131
0.000132
0.000131
0.000129
0.000128
0.000128
0.000129
0.000130
0.000133
0.000138
0.000145
0.000153
0.000161
0.000169
0.000176
0.000181
0.000185
0.000187
0.000186
0.000184
0.000178
0.000168
0.000153
0.000144
0.000135
0.000125
0.000115
0.000104
0.000091
0.000078
0.000066
0.000058
0.000055
0.000058
0.000066
0.000078
0.000091
0.000104
0.000115
0.000125
0.000135
0.000144
0.000153
0.000168
0.000178
0.000184
0.000186
0.000187
0.000185
0.000181
0.000176
0.000169
0.000161
0.000153
0.000145
0.000138
0.000133
0.000130
0.000129
0.000128
0.000128
0.000129
0.000131
0.000132
0.000131
0.000127
0.000125
0.000127
0.000125
0.000118
0.000111
0.000103
0.000096
0.000091
0.000088
0.000086
0.000088
0.000094
0.000103
0.000115
0.000129
0.000144
0.000160
0.000176
0.000190
0.000203
0.000215
0.000226
0.000237
0.000250
0.000265
0.000279
0.000292
0.000302
0.000309
0.000314
0.000319
0.000323
0.000328
0.000333
0.000339
0.000344
0.000346
0.000346
0.000344
0.000342
0.000341
0.000340
0.000339
0.000337
0.000333
0.000327
0.000320
0.000311
0.000300
0.000287
0.000272
0.000255
0.000237
0.000220
0.000203
0.000183
0.000162
0.000143
0.000155
0.000167
0.000177
0.000185
0.000190
0.000191
0.000191
0.000189
0.000188
0.000187
0.000189
0.000191
0.000193
0.000198
0.000206
0.000216
0.000226
0.000237
0.000248
0.000259
0.000269
0.000279
0.000289
0.000296
0.000302
0.000306
0.000307
0.000363
0.000436
0.000524
0.000630
0.000755
0.000902
0.001075
0.001276
0.001508
0.001774
0.002077
0.002422
0.002810
0.003248
0.003740
0.004298
0.004932
0.005658
0.006492
0.007451
0.008552
0.009812
0.011236
0.012825
0.014564
0.016430
0.018380
0.020362
0.022297
0.024059
0.025396
