0.026342
0.025872
0.024688
0.023117
0.021381
0.019585
0.017799
0.016060
0.014405
0.012857
0.011435
0.010143
0.008986
0.007955
0.007043
0.006237
0.005527
0.004899
0.004342
0.003845
0.003399
0.002998
0.002638
0.002313
0.002021
0.001760
0.001527
0.001319
0.001134
0.000969
0.000824
0.000696
0.000585
0.000488
0.000405
0.000335
0.000324
0.000312
0.000298
0.000284
0.000271
0.000258
0.000247
0.000237
0.000230
0.000223
0.000219
0.000216
0.000215
0.000215
0.000216
0.000218
0.000220
0.000221
0.000220
0.000215
0.000207
0.000196
0.000183
0.000171
0.000191
0.000213
0.000235
0.000257
0.000279
0.000300
0.000320
0.000337
0.000351
0.000364
0.000375
0.000385
0.000391
0.000395
0.000395
0.000394
0.000392
0.000392
0.000392
0.000392
0.000390
0.000386
0.000381
0.000376
0.000372
0.000369
0.000366
0.000361
0.000352
0.000341
0.000327
0.000312
0.000297
0.000283
0.000270
0.000259
0.000247
0.000236
0.000223
0.000208
0.000193
0.000177
0.000161
0.000146
0.000132
0.000122
0.000115
0.000112
0.000113
0.000117
0.000124
0.000133
0.000142
0.000150
0.000154
0.000154
0.000149
0.000141
0.000142
0.000150
0.000156
0.000160
0.000163
0.000166
0.000169
0.000173
0.000177
0.000184
0.000192
0.000200
0.000207
0.000212
0.000215
0.000216
0.000213
0.000208
0.000201
0.000193
0.000191
0.000188
0.000185
0.000182
0.000178
0.000174
0.000167
0.000160
0.000151
0.000141
0.000132
0.000125
0.000123
0.000125
0.000132
0.000141
0.000151
0.000160
0.000167
0.000174
0.000178
0.000182
0.000185
0.000188
0.000191
0.000193
0.000201
0.000208
0.000213
0.000216
0.000215
0.000212
0.000207
0.000200
0.000192
0.000184
0.000177
0.000173
0.000169
0.000166
0.000163
0.000160
0.000156
0.000150
0.000142
0.000141
0.000149
0.000154
0.000154
0.000150
0.000142
0.000133
0.000124
0.000117
0.000113
0.000112
0.000115
0.000122
0.000132
0.000146
0.000161
0.000177
0.000193
0.000208
0.000223
0.000236
0.000247
0.000259
0.000270
0.000283
0.000297
0.000312
0.000327
0.000341
0.000352
0.000361
0.000366
0.000369
0.000372
0.000376
0.000381
0.000386
0.000390
0.000392
0.000392
0.000392
0.000392
0.000394
0.000395
0.000395
0.000391
0.000385
0.000375
0.000364
0.000351
0.000337
0.000320
0.000300
0.000279
0.000257
0.000235
0.000213
0.000191
0.000171
0.000183
0.000196
0.000207
0.000215
0.000220
0.000221
0.000220
0.000218
0.000216
0.000215
0.000215
0.000216
0.000219
0.000223
0.000230
0.000237
0.000247
0.000258
0.000271
0.000284
0.000298
0.000312
0.000324
0.000335
0.000405
0.000488
0.000585
0.000696
0.000824
0.000969
0.001134
0.001319
0.001527
0.001760
0.002021
0.002313
0.002638
0.002998
0.003399
0.003845
0.004342
0.004899
0.005527
0.006237
0.007043
0.007955
0.008986
0.010143
0.011435
0.012857
0.014405
0.016060
0.017799
0.019585
0.021381
0.023117
0.024688
0.025872
