0.027140
0.026778
0.025868
0.024644
0.023281
0.021849
0.020401
0.018957
0.017546
0.016174
0.014865
0.013621
0.012456
0.011368
0.010365
0.009441
0.008598
0.007829
0.007130
0.006492
0.005913
0.005383
0.004899
0.004454
0.004046
0.003669
0.003323
0.003003
0.002706
0.002431
0.002178
0.001943
0.001726
0.001527
0.001344
0.001178
0.001027
0.000891
0.000769
0.000660
0.000563
0.000475
0.000395
0.000321
0.000257
0.000253
0.000250
0.000247
0.000245
0.000243
0.000241
0.000239
0.000234
0.000227
0.000218
0.000206
0.000193
0.000211
0.000238
0.000265
0.000293
0.000319
0.000344
0.000366
0.000387
0.000406
0.000425
0.000442
0.000458
0.000472
0.000485
0.000496
0.000505
0.000512
0.000516
0.000518
0.000520
0.000520
0.000521
0.000519
0.000516
0.000510
0.000504
0.000496
0.000487
0.000476
0.000465
0.000451
0.000435
0.000419
0.000402
0.000385
0.000370
0.000356
0.000344
0.000333
0.000321
0.000309
0.000295
0.000279
0.000263
0.000247
0.000233
0.000219
0.000207
0.000196
0.000187
0.000180
0.000176
0.000174
0.000174
0.000175
0.000178
0.000181
0.000182
0.000182
0.000178
0.000180
0.000193
0.000206
0.000216
0.000225
0.000234
0.000243
0.000251
0.000259
0.000266
0.000271
0.000275
0.000277
0.000277
0.000274
0.000269
0.000261
0.000249
0.000234
0.000214
0.000191
0.000175
0.000169
0.000162
0.000154
0.000145
0.000135
0.000125
0.000116
0.000107
0.000098
0.000091
0.000086
0.000085
0.000086
0.000091
0.000098
0.000107
0.000116
0.000125
0.000135
0.000145
0.000154
0.000162
0.000169
0.000175
0.000191
0.000214
0.000234
0.000249
0.000261
0.000269
0.000274
0.000277
0.000277
0.000275
0.000271
0.000266
0.000259
0.000251
0.000243
0.000234
0.000225
0.000216
0.000206
0.000193
0.000180
0.000178
0.000182
0.000182
0.000181
0.000178
0.000175
0.000174
0.000174
0.000176
0.000180
0.000187
0.000196
0.000207
0.000219
0.000233
0.000247
0.000263
0.000279
0.000295
0.000309
0.000321
0.000333
0.000344
0.000356
0.000370
0.000385
0.000402
0.000419
0.000435
0.000451
0.000465
0.000476
0.000487
0.000496
0.000504
0.000510
0.000516
0.000519
0.000521
0.000520
0.000520
0.000518
0.000516
0.000512
0.000505
0.000496
0.000485
0.000472
0.000458
0.000442
0.000425
0.000406
0.000387
0.000366
0.000344
0.000319
0.000293
0.000265
0.000238
0.000211
0.000193
0.000206
0.000218
0.000227
0.000234
0.000239
0.000241
0.000243
0.000245
0.000247
0.000250
0.000253
0.000257
0.000321
0.000395
0.000475
0.000563
0.000660
0.000769
0.000891
0.001027
0.001178
0.001344
0.001527
0.001726
0.001943
0.002178
0.002431
0.002706
0.003003
0.003323
0.003669
0.004046
0.004454
0.004899
0.005383
0.005913
0.006492
0.007130
0.007829
0.008598
0.009441
0.010365
0.011368
0.012456
0.013621
0.014865
0.016174
0.017546
0.018957
0.020401
0.021849
0.023281
0.024644
0.025868
0.026778
