0.018652
0.017519
0.014982
0.012049
0.009271
0.006890
0.004988
0.003535
0.002447
0.001625
0.000999
0.000527
0.000186
0.000040
0.000173
0.000236
0.000250
0.000233
0.000199
0.000158
0.000118
0.000083
0.000054
0.000033
0.000018
0.000012
0.000014
0.000009
0.000007
0.000020
0.000041
0.000064
0.000086
0.000103
0.000115
0.000120
0.000121
0.000122
0.000125
0.000130
0.000135
0.000138
0.000136
0.000130
0.000120
0.000108
0.000094
0.000083
0.000074
0.000065
0.000057
0.000049
0.000044
0.000043
0.000045
0.000046
0.000046
0.000043
0.000039
0.000032
0.000025
0.000025
0.000040
0.000055
0.000065
0.000067
0.000062
0.000052
0.000042
0.000035
0.000033
0.000037
0.000043
0.000053
0.000064
0.000074
0.000086
0.000099
0.000110
0.000117
0.000118
0.000111
0.000099
0.000085
0.000073
0.000063
0.000057
0.000057
0.000059
0.000057
0.000054
0.000055
0.000059
0.000063
0.000066
0.000069
0.000070
0.000068
0.000063
0.000058
0.000053
0.000049
0.000044
0.000044
0.000050
0.000050
0.000047
0.000053
0.000057
0.000058
0.000058
0.000057
0.000056
0.000055
0.000056
0.000053
0.000051
0.000051
0.000053
0.000056
0.000056
0.000051
0.000042
0.000031
0.000031
0.000030
0.000026
0.000027
0.000044
0.000059
0.000070
0.000075
0.000076
0.000073
0.000064
0.000048
0.000034
0.000049
0.000062
0.000070
0.000072
0.000067
0.000056
0.000043
0.000030
0.000022
0.000018
0.000013
0.000009
0.000013
0.000014
0.000013
0.000009
0.000013
0.000018
0.000022
0.000030
0.000043
0.000056
0.000067
0.000072
0.000070
0.000062
0.000049
0.000034
0.000048
0.000064
0.000073
0.000076
0.000075
0.000070
0.000059
0.000044
0.000027
0.000026
0.000030
0.000031
0.000031
0.000042
0.000051
0.000056
0.000056
0.000053
0.000051
0.000051
0.000053
0.000056
0.000055
0.000056
0.000057
0.000058
0.000058
0.000057
0.000053
0.000047
0.000050
0.000050
0.000044
0.000044
0.000049
0.000053
0.000058
0.000063
0.000068
0.000070
0.000069
0.000066
0.000063
0.000059
0.000055
0.000054
0.000057
0.000059
0.000057
0.000057
0.000063
0.000073
0.000085
0.000099
0.000111
0.000118
0.000117
0.000110
0.000099
0.000086
0.000074
0.000064
0.000053
0.000043
0.000037
0.000033
0.000035
0.000042
0.000052
0.000062
0.000067
0.000065
0.000055
0.000040
0.000025
0.000025
0.000032
0.000039
0.000043
0.000046
0.000046
0.000045
0.000043
0.000044
0.000049
0.000057
0.000065
0.000074
0.000083
0.000094
0.000108
0.000120
0.000130
0.000136
0.000138
0.000135
0.000130
0.000125
0.000122
0.000121
0.000120
0.000115
0.000103
0.000086
0.000064
0.000041
0.000020
0.000007
0.000009
0.000014
0.000012
0.000018
0.000033
0.000054
0.000083
0.000118
0.000158
0.000199
0.000233
0.000250
0.000236
0.000173
0.000040
0.000186
0.000527
0.000999
0.001625
0.002447
0.003535
0.004988
0.006890
0.009271
0.012049
0.014982
0.017519
