0.025423
0.024800
0.023245
0.021217
0.019014
0.016789
0.014643
0.012643
0.010836
0.009242
0.007864
0.006688
0.005691
0.004845
0.004124
0.003504
0.002966
0.002496
0.002085
0.001727
0.001417
0.001151
0.000925
0.000738
0.000585
0.000463
0.000370
0.000300
0.000249
0.000216
0.000231
0.000242
0.000247
0.000248
0.000244
0.000239
0.000234
0.000228
0.000223
0.000217
0.000211
0.000204
0.000197
0.000188
0.000181
0.000175
0.000171
0.000168
0.000166
0.000165
0.000166
0.000166
0.000165
0.000162
0.000155
0.000146
0.000136
0.000126
0.000117
0.000110
0.000131
0.000156
0.000177
0.000193
0.000205
0.000216
0.000227
0.000237
0.000247
0.000255
0.000262
0.000269
0.000277
0.000286
0.000295
0.000304
0.000313
0.000320
0.000324
0.000326
0.000324
0.000318
0.000309
0.000298
0.000288
0.000280
0.000274
0.000270
0.000266
0.000261
0.000254
0.000244
0.000232
0.000218
0.000204
0.000191
0.000179
0.000166
0.000154
0.000142
0.000131
0.000122
0.000112
0.000102
0.000091
0.000081
0.000073
0.000069
0.000068
0.000070
0.000083
0.000100
0.000116
0.000128
0.000137
0.000142
0.000143
0.000142
0.000137
0.000131
0.000124
0.000117
0.000112
0.000109
0.000105
0.000102
0.000098
0.000096
0.000097
0.000100
0.000106
0.000113
0.000121
0.000130
0.000138
0.000144
0.000147
0.000147
0.000145
0.000139
0.000128
0.000114
0.000095
0.000074
0.000054
0.000036
0.000022
0.000012
0.000032
0.000046
0.000052
0.000046
0.000032
0.000012
0.000022
0.000036
0.000054
0.000074
0.000095
0.000114
0.000128
0.000139
0.000145
0.000147
0.000147
0.000144
0.000138
0.000130
0.000121
0.000113
0.000106
0.000100
0.000097
0.000096
0.000098
0.000102
0.000105
0.000109
0.000112
0.000117
0.000124
0.000131
0.000137
0.000142
0.000143
0.000142
0.000137
0.000128
0.000116
0.000100
0.000083
0.000070
0.000068
0.000069
0.000073
0.000081
0.000091
0.000102
0.000112
0.000122
0.000131
0.000142
0.000154
0.000166
0.000179
0.000191
0.000204
0.000218
0.000232
0.000244
0.000254
0.000261
0.000266
0.000270
0.000274
0.000280
0.000288
0.000298
0.000309
0.000318
0.000324
0.000326
0.000324
0.000320
0.000313
0.000304
0.000295
0.000286
0.000277
0.000269
0.000262
0.000255
0.000247
0.000237
0.000227
0.000216
0.000205
0.000193
0.000177
0.000156
0.000131
0.000110
0.000117
0.000126
0.000136
0.000146
0.000155
0.000162
0.000165
0.000166
0.000166
0.000165
0.000166
0.000168
0.000171
0.000175
0.000181
0.000188
0.000197
0.000204
0.000211
0.000217
0.000223
0.000228
0.000234
0.000239
0.000244
0.000248
0.000247
0.000242
0.000231
0.000216
0.000249
0.000300
0.000370
0.000463
0.000585
0.000738
0.000925
0.001151
0.001417
0.001727
0.002085
0.002496
0.002966
0.003504
0.004124
0.004845
0.005691
0.006688
0.007864
0.009242
0.010836
0.012643
0.014643
0.016789
0.019014
0.021217
0.023245
0.024800
