0.027779
0.027506
0.026833
0.025914
0.024890
0.023801
0.022695
0.021571
0.020459
0.019347
0.018263
0.017193
0.016160
0.015155
0.014193
0.013270
0.012397
0.011565
0.010784
0.010046
0.009355
0.008705
0.008099
0.007532
0.007004
0.006509
0.006047
0.005612
0.005204
0.004818
0.004456
0.004113
0.003792
0.003488
0.003205
0.002939
0.002691
0.002458
0.002242
0.002039
0.001850
0.001674
0.001509
0.001354
0.001209
0.001071
0.000941
0.000817
0.000699
0.000587
0.000482
0.000381
0.000286
0.000197
0.000115
0.000090
0.000080
0.000088
0.000144
0.000194
0.000239
0.000278
0.000313
0.000342
0.000366
0.000387
0.000404
0.000419
0.000433
0.000446
0.000458
0.000468
0.000477
0.000485
0.000493
0.000501
0.000508
0.000515
0.000521
0.000525
0.000529
0.000532
0.000533
0.000533
0.000533
0.000532
0.000531
0.000529
0.000524
0.000518
0.000511
0.000502
0.000493
0.000484
0.000475
0.000466
0.000459
0.000451
0.000441
0.000430
0.000416
0.000400
0.000385
0.000372
0.000361
0.000351
0.000344
0.000337
0.000332
0.000328
0.000325
0.000322
0.000320
0.000318
0.000314
0.000309
0.000303
0.000295
0.000285
0.000273
0.000259
0.000253
0.000257
0.000262
0.000266
0.000268
0.000269
0.000267
0.000264
0.000260
0.000254
0.000246
0.000237
0.000226
0.000213
0.000197
0.000179
0.000159
0.000137
0.000114
0.000092
0.000072
0.000059
0.000070
0.000082
0.000094
0.000104
0.000112
0.000118
0.000122
0.000123
0.000122
0.000118
0.000112
0.000104
0.000094
0.000082
0.000070
0.000059
0.000072
0.000092
0.000114
0.000137
0.000159
0.000179
0.000197
0.000213
0.000226
0.000237
0.000246
0.000254
0.000260
0.000264
0.000267
0.000269
0.000268
0.000266
0.000262
0.000257
0.000253
0.000259
0.000273
0.000285
0.000295
0.000303
0.000309
0.000314
0.000318
0.000320
0.000322
0.000325
0.000328
0.000332
0.000337
0.000344
0.000351
0.000361
0.000372
0.000385
0.000400
0.000416
0.000430
0.000441
0.000451
0.000459
0.000466
0.000475
0.000484
0.000493
0.000502
0.000511
0.000518
0.000524
0.000529
0.000531
0.000532
0.000533
0.000533
0.000533
0.000532
0.000529
0.000525
0.000521
0.000515
0.000508
0.000501
0.000493
0.000485
0.000477
0.000468
0.000458
0.000446
0.000433
0.000419
0.000404
0.000387
0.000366
0.000342
0.000313
0.000278
0.000239
0.000194
0.000144
0.000088
0.000080
0.000090
0.000115
0.000197
0.000286
0.000381
0.000482
0.000587
0.000699
0.000817
0.000941
0.001071
0.001209
0.001354
0.001509
0.001674
0.001850
0.002039
0.002242
0.002458
0.002691
0.002939
0.003205
0.003488
0.003792
0.004113
0.004456
0.004818
0.005204
0.005612
0.006047
0.006509
0.007004
0.007532
0.008099
0.008705
0.009355
0.010046
0.010784
0.011565
0.012397
0.013270
0.014193
0.015155
0.016160
0.017193
0.018263
0.019347
0.020459
0.021571
0.022695
0.023801
0.024890
0.025914
0.026833
0.027506
