0.023187
0.022321
0.020236
0.017629
0.014925
0.012350
0.010037
0.008052
0.006409
0.005079
0.004013
0.003156
0.002460
0.001891
0.001424
0.001043
0.000737
0.000497
0.000312
0.000174
0.000076
0.000057
0.000053
0.000048
0.000042
0.000039
0.000041
0.000049
0.000065
0.000085
0.000109
0.000133
0.000156
0.000173
0.000182
0.000185
0.000183
0.000179
0.000176
0.000174
0.000173
0.000171
0.000168
0.000163
0.000156
0.000148
0.000140
0.000135
0.000131
0.000128
0.000124
0.000118
0.000110
0.000102
0.000096
0.000092
0.000088
0.000084
0.000079
0.000073
0.000069
0.000087
0.000102
0.000113
0.000121
0.000126
0.000128
0.000127
0.000126
0.000126
0.000127
0.000132
0.000140
0.000152
0.000168
0.000184
0.000199
0.000213
0.000224
0.000231
0.000232
0.000226
0.000215
0.000202
0.000189
0.000176
0.000164
0.000153
0.000145
0.000139
0.000132
0.000125
0.000119
0.000112
0.000105
0.000099
0.000093
0.000087
0.000084
0.000082
0.000082
0.000082
0.000081
0.000077
0.000074
0.000073
0.000074
0.000075
0.000075
0.000077
0.000079
0.000081
0.000083
0.000098
0.000111
0.000117
0.000115
0.000106
0.000093
0.000079
0.000067
0.000058
0.000052
0.000048
0.000045
0.000043
0.000041
0.000038
0.000044
0.000054
0.000061
0.000064
0.000064
0.000061
0.000055
0.000061
0.000073
0.000083
0.000090
0.000094
0.000094
0.000089
0.000080
0.000067
0.000052
0.000037
0.000047
0.000064
0.000080
0.000090
0.000094
0.000090
0.000080
0.000064
0.000047
0.000037
0.000052
0.000067
0.000080
0.000089
0.000094
0.000094
0.000090
0.000083
0.000073
0.000061
0.000055
0.000061
0.000064
0.000064
0.000061
0.000054
0.000044
0.000038
0.000041
0.000043
0.000045
0.000048
0.000052
0.000058
0.000067
0.000079
0.000093
0.000106
0.000115
0.000117
0.000111
0.000098
0.000083
0.000081
0.000079
0.000077
0.000075
0.000075
0.000074
0.000073
0.000074
0.000077
0.000081
0.000082
0.000082
0.000082
0.000084
0.000087
0.000093
0.000099
0.000105
0.000112
0.000119
0.000125
0.000132
0.000139
0.000145
0.000153
0.000164
0.000176
0.000189
0.000202
0.000215
0.000226
0.000232
0.000231
0.000224
0.000213
0.000199
0.000184
0.000168
0.000152
0.000140
0.000132
0.000127
0.000126
0.000126
0.000127
0.000128
0.000126
0.000121
0.000113
0.000102
0.000087
0.000069
0.000073
0.000079
0.000084
0.000088
0.000092
0.000096
0.000102
0.000110
0.000118
0.000124
0.000128
0.000131
0.000135
0.000140
0.000148
0.000156
0.000163
0.000168
0.000171
0.000173
0.000174
0.000176
0.000179
0.000183
0.000185
0.000182
0.000173
0.000156
0.000133
0.000109
0.000085
0.000065
0.000049
0.000041
0.000039
0.000042
0.000048
0.000053
0.000057
0.000076
0.000174
0.000312
0.000497
0.000737
0.001043
0.001424
0.001891
0.002460
0.003156
0.004013
0.005079
0.006409
0.008052
0.010037
0.012350
0.014925
0.017629
0.020236
0.022321
