0.026670
0.026245
0.025175
0.023747
0.022163
0.020514
0.018860
0.017231
0.015663
0.014170
0.012775
0.011485
0.010307
0.009238
0.008278
0.007417
0.006650
0.005965
0.005352
0.004802
0.004305
0.003854
0.003445
0.003074
0.002736
0.002429
0.002150
0.001897
0.001667
0.001458
0.001269
0.001099
0.000946
0.000809
0.000688
0.000582
0.000491
0.000412
0.000345
0.000302
0.000288
0.000275
0.000263
0.000253
0.000245
0.000239
0.000234
0.000231
0.000230
0.000230
0.000231
0.000234
0.000236
0.000238
0.000236
0.000232
0.000224
0.000213
0.000200
0.000208
0.000230
0.000252
0.000275
0.000298
0.000321
0.000343
0.000364
0.000382
0.000399
0.000414
0.000426
0.000436
0.000442
0.000446
0.000446
0.000446
0.000445
0.000445
0.000444
0.000443
0.000440
0.000435
0.000428
0.000421
0.000415
0.000408
0.000400
0.000389
0.000376
0.000360
0.000344
0.000328
0.000313
0.000300
0.000288
0.000276
0.000264
0.000252
0.000240
0.000228
0.000214
0.000200
0.000186
0.000173
0.000161
0.000151
0.000144
0.000139
0.000137
0.000138
0.000143
0.000150
0.000157
0.000163
0.000166
0.000165
0.000159
0.000151
0.000162
0.000170
0.000178
0.000186
0.000194
0.000201
0.000207
0.000212
0.000218
0.000225
0.000231
0.000237
0.000241
0.000243
0.000243
0.000239
0.000232
0.000222
0.000209
0.000200
0.000196
0.000192
0.000188
0.000185
0.000182
0.000177
0.000170
0.000162
0.000154
0.000144
0.000135
0.000128
0.000125
0.000128
0.000135
0.000144
0.000154
0.000162
0.000170
0.000177
0.000182
0.000185
0.000188
0.000192
0.000196
0.000200
0.000209
0.000222
0.000232
0.000239
0.000243
0.000243
0.000241
0.000237
0.000231
0.000225
0.000218
0.000212
0.000207
0.000201
0.000194
0.000186
0.000178
0.000170
0.000162
0.000151
0.000159
0.000165
0.000166
0.000163
0.000157
0.000150
0.000143
0.000138
0.000137
0.000139
0.000144
0.000151
0.000161
0.000173
0.000186
0.000200
0.000214
0.000228
0.000240
0.000252
0.000264
0.000276
0.000288
0.000300
0.000313
0.000328
0.000344
0.000360
0.000376
0.000389
0.000400
0.000408
0.000415
0.000421
0.000428
0.000435
0.000440
0.000443
0.000444
0.000445
0.000445
0.000446
0.000446
0.000446
0.000442
0.000436
0.000426
0.000414
0.000399
0.000382
0.000364
0.000343
0.000321
0.000298
0.000275
0.000252
0.000230
0.000208
0.000200
0.000213
0.000224
0.000232
0.000236
0.000238
0.000236
0.000234
0.000231
0.000230
0.000230
0.000231
0.000234
0.000239
0.000245
0.000253
0.000263
0.000275
0.000288
0.000302
0.000345
0.000412
0.000491
0.000582
0.000688
0.000809
0.000946
0.001099
0.001269
0.001458
0.001667
0.001897
0.002150
0.002429
0.002736
0.003074
0.003445
0.003854
0.004305
0.004802
0.005352
0.005965
0.006650
0.007417
0.008278
0.009238
0.010307
0.011485
0.012775
0.014170
0.015663
0.017231
0.018860
0.020514
0.022163
0.023747
0.025175
0.026245
