0.025807
0.025231
0.023786
0.021892
0.019821
0.017715
0.015661
0.013719
0.011933
0.010327
0.008912
0.007682
0.006621
0.005710
0.004926
0.004248
0.003657
0.003139
0.002683
0.002280
0.001926
0.001617
0.001348
0.001118
0.000922
0.000758
0.000622
0.000511
0.000422
0.000350
0.000294
0.000279
0.000283
0.000282
0.000278
0.000272
0.000265
0.000257
0.000248
0.000240
0.000231
0.000222
0.000212
0.000202
0.000193
0.000185
0.000180
0.000177
0.000175
0.000174
0.000174
0.000174
0.000174
0.000173
0.000170
0.000164
0.000156
0.000146
0.000135
0.000125
0.000148
0.000171
0.000191
0.000206
0.000220
0.000234
0.000248
0.000262
0.000273
0.000283
0.000292
0.000299
0.000307
0.000313
0.000319
0.000324
0.000328
0.000331
0.000334
0.000336
0.000336
0.000333
0.000326
0.000318
0.000310
0.000303
0.000297
0.000293
0.000289
0.000283
0.000275
0.000265
0.000251
0.000236
0.000222
0.000209
0.000196
0.000183
0.000170
0.000156
0.000142
0.000129
0.000116
0.000104
0.000093
0.000083
0.000077
0.000074
0.000075
0.000077
0.000081
0.000089
0.000104
0.000116
0.000125
0.000131
0.000134
0.000135
0.000134
0.000131
0.000126
0.000121
0.000118
0.000116
0.000115
0.000114
0.000115
0.000117
0.000122
0.000128
0.000137
0.000145
0.000154
0.000162
0.000168
0.000173
0.000175
0.000174
0.000170
0.000162
0.000149
0.000131
0.000110
0.000095
0.000081
0.000065
0.000047
0.000029
0.000012
0.000002
0.000005
0.000002
0.000012
0.000029
0.000047
0.000065
0.000081
0.000095
0.000110
0.000131
0.000149
0.000162
0.000170
0.000174
0.000175
0.000173
0.000168
0.000162
0.000154
0.000145
0.000137
0.000128
0.000122
0.000117
0.000115
0.000114
0.000115
0.000116
0.000118
0.000121
0.000126
0.000131
0.000134
0.000135
0.000134
0.000131
0.000125
0.000116
0.000104
0.000089
0.000081
0.000077
0.000075
0.000074
0.000077
0.000083
0.000093
0.000104
0.000116
0.000129
0.000142
0.000156
0.000170
0.000183
0.000196
0.000209
0.000222
0.000236
0.000251
0.000265
0.000275
0.000283
0.000289
0.000293
0.000297
0.000303
0.000310
0.000318
0.000326
0.000333
0.000336
0.000336
0.000334
0.000331
0.000328
0.000324
0.000319
0.000313
0.000307
0.000299
0.000292
0.000283
0.000273
0.000262
0.000248
0.000234
0.000220
0.000206
0.000191
0.000171
0.000148
0.000125
0.000135
0.000146
0.000156
0.000164
0.000170
0.000173
0.000174
0.000174
0.000174
0.000174
0.000175
0.000177
0.000180
0.000185
0.000193
0.000202
0.000212
0.000222
0.000231
0.000240
0.000248
0.000257
0.000265
0.000272
0.000278
0.000282
0.000283
0.000279
0.000294
0.000350
0.000422
0.000511
0.000622
0.000758
0.000922
0.001118
0.001348
0.001617
0.001926
0.002280
0.002683
0.003139
0.003657
0.004248
0.004926
0.005710
0.006621
0.007682
0.008912
0.010327
0.011933
0.013719
0.015661
0.017715
0.019821
0.021892
0.023786
0.025231
