0.026936
0.026546
0.025565
0.024250
0.022786
0.021255
0.019712
0.018180
0.016692
0.015260
0.013906
0.012634
0.011457
0.010373
0.009384
0.008485
0.007674
0.006942
0.006281
0.005684
0.005143
0.004650
0.004201
0.003790
0.003414
0.003069
0.002753
0.002463
0.002197
0.001952
0.001727
0.001521
0.001334
0.001163
0.001009
0.000870
0.000747
0.000638
0.000542
0.000457
0.000382
0.000314
0.000268
0.000260
0.000254
0.000248
0.000244
0.000241
0.000240
0.000240
0.000240
0.000241
0.000240
0.000238
0.000234
0.000227
0.000217
0.000204
0.000216
0.000240
0.000264
0.000289
0.000313
0.000336
0.000359
0.000380
0.000400
0.000419
0.000436
0.000451
0.000464
0.000475
0.000483
0.000488
0.000490
0.000491
0.000492
0.000493
0.000493
0.000492
0.000487
0.000480
0.000472
0.000462
0.000452
0.000442
0.000431
0.000418
0.000402
0.000385
0.000368
0.000352
0.000338
0.000325
0.000314
0.000302
0.000288
0.000275
0.000261
0.000247
0.000233
0.000219
0.000205
0.000193
0.000182
0.000172
0.000164
0.000158
0.000155
0.000154
0.000156
0.000159
0.000163
0.000167
0.000169
0.000168
0.000163
0.000166
0.000178
0.000189
0.000198
0.000206
0.000214
0.000223
0.000232
0.000240
0.000247
0.000253
0.000258
0.000262
0.000264
0.000263
0.000260
0.000253
0.000242
0.000227
0.000209
0.000191
0.000187
0.000181
0.000175
0.000168
0.000161
0.000153
0.000145
0.000136
0.000127
0.000117
0.000108
0.000102
0.000099
0.000102
0.000108
0.000117
0.000127
0.000136
0.000145
0.000153
0.000161
0.000168
0.000175
0.000181
0.000187
0.000191
0.000209
0.000227
0.000242
0.000253
0.000260
0.000263
0.000264
0.000262
0.000258
0.000253
0.000247
0.000240
0.000232
0.000223
0.000214
0.000206
0.000198
0.000189
0.000178
0.000166
0.000163
0.000168
0.000169
0.000167
0.000163
0.000159
0.000156
0.000154
0.000155
0.000158
0.000164
0.000172
0.000182
0.000193
0.000205
0.000219
0.000233
0.000247
0.000261
0.000275
0.000288
0.000302
0.000314
0.000325
0.000338
0.000352
0.000368
0.000385
0.000402
0.000418
0.000431
0.000442
0.000452
0.000462
0.000472
0.000480
0.000487
0.000492
0.000493
0.000493
0.000492
0.000491
0.000490
0.000488
0.000483
0.000475
0.000464
0.000451
0.000436
0.000419
0.000400
0.000380
0.000359
0.000336
0.000313
0.000289
0.000264
0.000240
0.000216
0.000204
0.000217
0.000227
0.000234
0.000238
0.000240
0.000241
0.000240
0.000240
0.000240
0.000241
0.000244
0.000248
0.000254
0.000260
0.000268
0.000314
0.000382
0.000457
0.000542
0.000638
0.000747
0.000870
0.001009
0.001163
0.001334
0.001521
0.001727
0.001952
0.002197
0.002463
0.002753
0.003069
0.003414
0.003790
0.004201
0.004650
0.005143
0.005684
0.006281
0.006942
0.007674
0.008485
0.009384
0.010373
0.011457
0.012634
0.013906
0.015260
0.016692
0.018180
0.019712
0.021255
0.022786
0.024250
0.025565
0.026546
