0.026559
0.026113
0.024988
0.023491
0.021833
0.020112
0.018392
0.016707
0.015094
0.013569
0.012156
0.010860
0.009687
0.008633
0.007692
0.006855
0.006113
0.005453
0.004866
0.004340
0.003867
0.003439
0.003053
0.002703
0.002387
0.002101
0.001844
0.001611
0.001402
0.001213
0.001044
0.000894
0.000760
0.000642
0.000539
0.000449
0.000374
0.000327
0.000313
0.000298
0.000284
0.000271
0.000259
0.000248
0.000240
0.000233
0.000228
0.000225
0.000224
0.000224
0.000225
0.000228
0.000230
0.000232
0.000231
0.000226
0.000218
0.000207
0.000194
0.000187
0.000208
0.000230
0.000252
0.000275
0.000298
0.000320
0.000340
0.000358
0.000374
0.000388
0.000399
0.000409
0.000416
0.000420
0.000421
0.000420
0.000419
0.000418
0.000418
0.000418
0.000415
0.000411
0.000406
0.000400
0.000395
0.000391
0.000386
0.000378
0.000367
0.000353
0.000338
0.000323
0.000309
0.000295
0.000282
0.000270
0.000257
0.000245
0.000232
0.000219
0.000205
0.000190
0.000174
0.000160
0.000147
0.000136
0.000129
0.000125
0.000125
0.000128
0.000135
0.000144
0.000152
0.000159
0.000163
0.000162
0.000158
0.000150
0.000152
0.000161
0.000169
0.000176
0.000182
0.000187
0.000191
0.000195
0.000200
0.000206
0.000214
0.000221
0.000226
0.000229
0.000230
0.000228
0.000223
0.000215
0.000205
0.000201
0.000197
0.000194
0.000191
0.000188
0.000186
0.000183
0.000177
0.000170
0.000161
0.000152
0.000142
0.000135
0.000133
0.000135
0.000142
0.000152
0.000161
0.000170
0.000177
0.000183
0.000186
0.000188
0.000191
0.000194
0.000197
0.000201
0.000205
0.000215
0.000223
0.000228
0.000230
0.000229
0.000226
0.000221
0.000214
0.000206
0.000200
0.000195
0.000191
0.000187
0.000182
0.000176
0.000169
0.000161
0.000152
0.000150
0.000158
0.000162
0.000163
0.000159
0.000152
0.000144
0.000135
0.000128
0.000125
0.000125
0.000129
0.000136
0.000147
0.000160
0.000174
0.000190
0.000205
0.000219
0.000232
0.000245
0.000257
0.000270
0.000282
0.000295
0.000309
0.000323
0.000338
0.000353
0.000367
0.000378
0.000386
0.000391
0.000395
0.000400
0.000406
0.000411
0.000415
0.000418
0.000418
0.000418
0.000419
0.000420
0.000421
0.000420
0.000416
0.000409
0.000399
0.000388
0.000374
0.000358
0.000340
0.000320
0.000298
0.000275
0.000252
0.000230
0.000208
0.000187
0.000194
0.000207
0.000218
0.000226
0.000231
0.000232
0.000230
0.000228
0.000225
0.000224
0.000224
0.000225
0.000228
0.000233
0.000240
0.000248
0.000259
0.000271
0.000284
0.000298
0.000313
0.000327
0.000374
0.000449
0.000539
0.000642
0.000760
0.000894
0.001044
0.001213
0.001402
0.001611
0.001844
0.002101
0.002387
0.002703
0.003053
0.003439
0.003867
0.004340
0.004866
0.005453
0.006113
0.006855
0.007692
0.008633
0.009687
0.010860
0.012156
0.013569
0.015094
0.016707
0.018392
0.020112
0.021833
0.023491
0.024988
0.026113
