0.026828
0.026422
0.025399
0.024029
0.022508
0.020919
0.019322
0.017743
0.016214
0.014750
0.013374
0.012090
0.010910
0.009831
0.008854
0.007972
0.007181
0.006470
0.005832
0.005256
0.004736
0.004263
0.003833
0.003440
0.003082
0.002755
0.002456
0.002183
0.001934
0.001706
0.001498
0.001309
0.001137
0.000983
0.000845
0.000723
0.000616
0.000522
0.000440
0.000368
0.000304
0.000277
0.000266
0.000258
0.000250
0.000244
0.000239
0.000236
0.000234
0.000234
0.000235
0.000236
0.000238
0.000238
0.000235
0.000230
0.000221
0.000209
0.000203
0.000226
0.000249
0.000272
0.000295
0.000318
0.000341
0.000363
0.000383
0.000402
0.000420
0.000435
0.000449
0.000460
0.000467
0.000471
0.000473
0.000473
0.000473
0.000473
0.000473
0.000471
0.000466
0.000459
0.000451
0.000442
0.000433
0.000423
0.000413
0.000401
0.000386
0.000369
0.000353
0.000337
0.000323
0.000311
0.000299
0.000287
0.000275
0.000262
0.000249
0.000236
0.000223
0.000209
0.000196
0.000183
0.000173
0.000163
0.000155
0.000150
0.000147
0.000147
0.000150
0.000154
0.000160
0.000165
0.000168
0.000167
0.000161
0.000156
0.000167
0.000177
0.000185
0.000194
0.000203
0.000211
0.000219
0.000226
0.000232
0.000239
0.000245
0.000250
0.000253
0.000254
0.000252
0.000247
0.000238
0.000225
0.000210
0.000198
0.000194
0.000189
0.000185
0.000180
0.000175
0.000170
0.000163
0.000155
0.000146
0.000136
0.000127
0.000120
0.000117
0.000120
0.000127
0.000136
0.000146
0.000155
0.000163
0.000170
0.000175
0.000180
0.000185
0.000189
0.000194
0.000198
0.000210
0.000225
0.000238
0.000247
0.000252
0.000254
0.000253
0.000250
0.000245
0.000239
0.000232
0.000226
0.000219
0.000211
0.000203
0.000194
0.000185
0.000177
0.000167
0.000156
0.000161
0.000167
0.000168
0.000165
0.000160
0.000154
0.000150
0.000147
0.000147
0.000150
0.000155
0.000163
0.000173
0.000183
0.000196
0.000209
0.000223
0.000236
0.000249
0.000262
0.000275
0.000287
0.000299
0.000311
0.000323
0.000337
0.000353
0.000369
0.000386
0.000401
0.000413
0.000423
0.000433
0.000442
0.000451
0.000459
0.000466
0.000471
0.000473
0.000473
0.000473
0.000473
0.000473
0.000471
0.000467
0.000460
0.000449
0.000435
0.000420
0.000402
0.000383
0.000363
0.000341
0.000318
0.000295
0.000272
0.000249
0.000226
0.000203
0.000209
0.000221
0.000230
0.000235
0.000238
0.000238
0.000236
0.000235
0.000234
0.000234
0.000236
0.000239
0.000244
0.000250
0.000258
0.000266
0.000277
0.000304
0.000368
0.000440
0.000522
0.000616
0.000723
0.000845
0.000983
0.001137
0.001309
0.001498
0.001706
0.001934
0.002183
0.002456
0.002755
0.003082
0.003440
0.003833
0.004263
0.004736
0.005256
0.005832
0.006470
0.007181
0.007972
0.008854
0.009831
0.010910
0.012090
0.013374
0.014750
0.016214
0.017743
0.019322
0.020919
0.022508
0.024029
0.025399
0.026422
